6.9085e-01 2.1388e+00 2.1407e+00 4.1360e+00 4.1396e+00 6.2892e+00 6.2911e+00 8.6175e+00
6.9195e-01 2.1019e+00 2.1777e+00 4.0963e+00 4.1794e+00 6.2455e+00 6.3349e+00 8.5694e+00
6.9525e-01 2.0643e+00 2.2157e+00 4.0549e+00 4.2210e+00 6.2009e+00 6.3796e+00 8.5210e+00
7.0070e-01 2.0268e+00 2.2539e+00 4.0135e+00 4.2627e+00 6.1565e+00 6.4245e+00 8.4726e+00
7.0826e-01 1.9894e+00 2.2922e+00 3.9722e+00 4.3044e+00 6.1120e+00 6.4694e+00 8.4244e+00
7.1785e-01 1.9523e+00 2.3306e+00 3.9309e+00 4.3462e+00 6.0677e+00 6.5144e+00 8.3762e+00
7.2938e-01 1.9153e+00 2.3691e+00 3.8897e+00 4.3881e+00 6.0234e+00 6.5594e+00 8.3281e+00
7.4275e-01 1.8785e+00 2.4078e+00 3.8485e+00 4.4300e+00 5.9792e+00 6.6046e+00 8.2800e+00
7.5785e-01 1.8420e+00 2.4465e+00 3.8074e+00 4.4719e+00 5.9350e+00 6.6498e+00 8.2321e+00
7.7454e-01 1.8057e+00 2.4853e+00 3.7664e+00 4.5140e+00 5.8909e+00 6.6950e+00 8.1842e+00
7.9272e-01 1.7696e+00 2.5242e+00 3.7254e+00 4.5560e+00 5.8469e+00 6.7404e+00 8.1365e+00
8.1225e-01 1.7339e+00 2.5632e+00 3.6845e+00 4.5982e+00 5.8030e+00 6.7858e+00 8.0888e+00
8.3298e-01 1.6985e+00 2.6022e+00 3.6436e+00 4.6404e+00 5.7591e+00 6.8313e+00 8.0412e+00
8.5479e-01 1.6635e+00 2.6414e+00 3.6028e+00 4.6826e+00 5.7153e+00 6.8769e+00 7.9936e+00
8.7753e-01 1.6289e+00 2.6806e+00 3.5621e+00 4.7250e+00 5.6715e+00 6.9225e+00 7.9462e+00
9.0103e-01 1.5949e+00 2.7199e+00 3.5214e+00 4.7673e+00 5.6278e+00 6.9682e+00 7.8988e+00
9.2513e-01 1.5615e+00 2.7593e+00 3.4808e+00 4.8098e+00 5.5842e+00 7.0140e+00 7.8516e+00
9.4961e-01 1.5288e+00 2.7987e+00 3.4402e+00 4.8523e+00 5.5407e+00 7.0599e+00 7.8044e+00
9.7421e-01 1.4971e+00 2.8382e+00 3.3998e+00 4.8948e+00 5.4972e+00 7.1059e+00 7.7572e+00
9.9861e-01 1.4667e+00 2.8778e+00 3.3594e+00 4.9374e+00 5.4537e+00 7.1519e+00 7.7102e+00
1.0223e+00 1.4380e+00 2.9174e+00 3.3191e+00 4.9801e+00 5.4104e+00 7.1980e+00 7.6632e+00
1.0447e+00 1.4115e+00 2.9570e+00 3.2789e+00 5.0229e+00 5.3671e+00 7.2441e+00 7.6164e+00
1.0648e+00 1.3883e+00 2.9966e+00 3.2388e+00 5.0656e+00 5.3239e+00 7.2904e+00 7.5696e+00
1.0813e+00 1.3696e+00 3.0360e+00 3.1990e+00 5.1085e+00 5.2807e+00 7.3367e+00 7.5228e+00
1.0923e+00 1.3573e+00 3.0747e+00 3.1602e+00 5.1513e+00 5.2377e+00 7.3831e+00 7.4762e+00
1.0962e+00 1.3529e+00 3.1025e+00 3.1324e+00 5.1906e+00 5.1984e+00 7.4286e+00 7.4307e+00
1.0923e+00 1.3573e+00 3.0747e+00 3.1602e+00 5.1513e+00 5.2377e+00 7.3831e+00 7.4762e+00
1.0813e+00 1.3696e+00 3.0360e+00 3.1990e+00 5.1085e+00 5.2807e+00 7.3367e+00 7.5228e+00
1.0648e+00 1.3883e+00 2.9966e+00 3.2388e+00 5.0656e+00 5.3239e+00 7.2904e+00 7.5696e+00
1.0447e+00 1.4115e+00 2.9570e+00 3.2789e+00 5.0229e+00 5.3671e+00 7.2441e+00 7.6164e+00
1.0223e+00 1.4380e+00 2.9174e+00 3.3191e+00 4.9801e+00 5.4104e+00 7.1980e+00 7.6632e+00
9.9861e-01 1.4667e+00 2.8778e+00 3.3594e+00 4.9374e+00 5.4537e+00 7.1519e+00 7.7102e+00
9.7421e-01 1.4971e+00 2.8382e+00 3.3998e+00 4.8948e+00 5.4972e+00 7.1059e+00 7.7572e+00
9.4961e-01 1.5288e+00 2.7987e+00 3.4402e+00 4.8523e+00 5.5407e+00 7.0599e+00 7.8044e+00
9.2513e-01 1.5615e+00 2.7593e+00 3.4808e+00 4.8098e+00 5.5842e+00 7.0140e+00 7.8516e+00
9.0103e-01 1.5949e+00 2.7199e+00 3.5214e+00 4.7673e+00 5.6278e+00 6.9682e+00 7.8988e+00
8.7753e-01 1.6289e+00 2.6806e+00 3.5621e+00 4.7250e+00 5.6715e+00 6.9225e+00 7.9462e+00
8.5479e-01 1.6635e+00 2.6414e+00 3.6028e+00 4.6826e+00 5.7153e+00 6.8769e+00 7.9936e+00
8.3298e-01 1.6985e+00 2.6022e+00 3.6436e+00 4.6404e+00 5.7591e+00 6.8313e+00 8.0412e+00
8.1225e-01 1.7339e+00 2.5632e+00 3.6845e+00 4.5982e+00 5.8030e+00 6.7858e+00 8.0888e+00
7.9272e-01 1.7696e+00 2.5242e+00 3.7254e+00 4.5560e+00 5.8469e+00 6.7404e+00 8.1365e+00
7.7454e-01 1.8057e+00 2.4853e+00 3.7664e+00 4.5140e+00 5.8909e+00 6.6950e+00 8.1842e+00
7.5785e-01 1.8420e+00 2.4465e+00 3.8074e+00 4.4719e+00 5.9350e+00 6.6498e+00 8.2321e+00
7.4275e-01 1.8785e+00 2.4078e+00 3.8485e+00 4.4300e+00 5.9792e+00 6.6046e+00 8.2800e+00
7.2938e-01 1.9153e+00 2.3691e+00 3.8897e+00 4.3881e+00 6.0234e+00 6.5594e+00 8.3281e+00
7.1785e-01 1.9523e+00 2.3306e+00 3.9309e+00 4.3462e+00 6.0677e+00 6.5144e+00 8.3762e+00
7.0826e-01 1.9894e+00 2.2922e+00 3.9722e+00 4.3044e+00 6.1120e+00 6.4694e+00 8.4244e+00
7.0070e-01 2.0268e+00 2.2539e+00 4.0135e+00 4.2627e+00 6.1565e+00 6.4245e+00 8.4726e+00
6.9525e-01 2.0643e+00 2.2157e+00 4.0549e+00 4.2210e+00 6.2009e+00 6.3796e+00 8.5210e+00
6.9195e-01 2.1019e+00 2.1777e+00 4.0963e+00 4.1794e+00 6.2455e+00 6.3349e+00 8.5694e+00
6.9085e-01 2.1388e+00 2.1407e+00 4.1360e+00 4.1396e+00 6.2892e+00 6.2911e+00 8.6175e+00
6.9195e-01 2.1019e+00 2.1777e+00 4.0963e+00 4.1794e+00 6.2455e+00 6.3349e+00 8.5694e+00
6.9525e-01 2.0643e+00 2.2157e+00 4.0549e+00 4.2210e+00 6.2009e+00 6.3796e+00 8.5210e+00
7.0070e-01 2.0268e+00 2.2539e+00 4.0135e+00 4.2627e+00 6.1565e+00 6.4245e+00 8.4726e+00
7.0826e-01 1.9894e+00 2.2922e+00 3.9722e+00 4.3044e+00 6.1120e+00 6.4694e+00 8.4244e+00
7.1785e-01 1.9523e+00 2.3306e+00 3.9309e+00 4.3462e+00 6.0677e+00 6.5144e+00 8.3762e+00
7.2938e-01 1.9153e+00 2.3691e+00 3.8897e+00 4.3881e+00 6.0234e+00 6.5594e+00 8.3281e+00
7.4275e-01 1.8785e+00 2.4078e+00 3.8485e+00 4.4300e+00 5.9792e+00 6.6046e+00 8.2800e+00
7.5785e-01 1.8420e+00 2.4465e+00 3.8074e+00 4.4719e+00 5.9350e+00 6.6498e+00 8.2321e+00
7.7454e-01 1.8057e+00 2.4853e+00 3.7664e+00 4.5140e+00 5.8909e+00 6.6950e+00 8.1842e+00
7.9272e-01 1.7696e+00 2.5242e+00 3.7254e+00 4.5560e+00 5.8469e+00 6.7404e+00 8.1365e+00
8.1225e-01 1.7339e+00 2.5632e+00 3.6845e+00 4.5982e+00 5.8030e+00 6.7858e+00 8.0888e+00
8.3298e-01 1.6985e+00 2.6022e+00 3.6436e+00 4.6404e+00 5.7591e+00 6.8313e+00 8.0412e+00
8.5479e-01 1.6635e+00 2.6414e+00 3.6028e+00 4.6826e+00 5.7153e+00 6.8769e+00 7.9936e+00
8.7753e-01 1.6289e+00 2.6806e+00 3.5621e+00 4.7250e+00 5.6715e+00 6.9225e+00 7.9462e+00
9.0103e-01 1.5949e+00 2.7199e+00 3.5214e+00 4.7673e+00 5.6278e+00 6.9682e+00 7.8988e+00
9.2513e-01 1.5615e+00 2.7593e+00 3.4808e+00 4.8098e+00 5.5842e+00 7.0140e+00 7.8516e+00
9.4961e-01 1.5288e+00 2.7987e+00 3.4402e+00 4.8523e+00 5.5407e+00 7.0599e+00 7.8044e+00
9.7421e-01 1.4971e+00 2.8382e+00 3.3998e+00 4.8948e+00 5.4972e+00 7.1059e+00 7.7572e+00
9.9861e-01 1.4667e+00 2.8778e+00 3.3594e+00 4.9374e+00 5.4537e+00 7.1519e+00 7.7102e+00
1.0223e+00 1.4380e+00 2.9174e+00 3.3191e+00 4.9801e+00 5.4104e+00 7.1980e+00 7.6632e+00
1.0447e+00 1.4115e+00 2.9570e+00 3.2789e+00 5.0229e+00 5.3671e+00 7.2441e+00 7.6164e+00
1.0648e+00 1.3883e+00 2.9966e+00 3.2388e+00 5.0656e+00 5.3239e+00 7.2904e+00 7.5696e+00
1.0813e+00 1.3696e+00 3.0360e+00 3.1990e+00 5.1085e+00 5.2807e+00 7.3367e+00 7.5228e+00
1.0923e+00 1.3573e+00 3.0747e+00 3.1602e+00 5.1513e+00 5.2377e+00 7.3831e+00 7.4762e+00
1.0962e+00 1.3529e+00 3.1025e+00 3.1324e+00 5.1906e+00 5.1984e+00 7.4286e+00 7.4307e+00
1.0923e+00 1.3573e+00 3.0747e+00 3.1602e+00 5.1513e+00 5.2377e+00 7.3831e+00 7.4762e+00
1.0813e+00 1.3696e+00 3.0360e+00 3.1990e+00 5.1085e+00 5.2807e+00 7.3367e+00 7.5228e+00
1.0648e+00 1.3883e+00 2.9966e+00 3.2388e+00 5.0656e+00 5.3239e+00 7.2904e+00 7.5696e+00
1.0447e+00 1.4115e+00 2.9570e+00 3.2789e+00 5.0229e+00 5.3671e+00 7.2441e+00 7.6164e+00
1.0223e+00 1.4380e+00 2.9174e+00 3.3191e+00 4.9801e+00 5.4104e+00 7.1980e+00 7.6632e+00
9.9861e-01 1.4667e+00 2.8778e+00 3.3594e+00 4.9374e+00 5.4537e+00 7.1519e+00 7.7102e+00
9.7421e-01 1.4971e+00 2.8382e+00 3.3998e+00 4.8948e+00 5.4972e+00 7.1059e+00 7.7572e+00
9.4961e-01 1.5288e+00 2.7987e+00 3.4402e+00 4.8523e+00 5.5407e+00 7.0599e+00 7.8044e+00
9.2513e-01 1.5615e+00 2.7593e+00 3.4808e+00 4.8098e+00 5.5842e+00 7.0140e+00 7.8516e+00
9.0103e-01 1.5949e+00 2.7199e+00 3.5214e+00 4.7673e+00 5.6278e+00 6.9682e+00 7.8988e+00
8.7753e-01 1.6289e+00 2.6806e+00 3.5621e+00 4.7250e+00 5.6715e+00 6.9225e+00 7.9462e+00
8.5479e-01 1.6635e+00 2.6414e+00 3.6028e+00 4.6826e+00 5.7153e+00 6.8769e+00 7.9936e+00
8.3298e-01 1.6985e+00 2.6022e+00 3.6436e+00 4.6404e+00 5.7591e+00 6.8313e+00 8.0412e+00
8.1225e-01 1.7339e+00 2.5632e+00 3.6845e+00 4.5982e+00 5.8030e+00 6.7858e+00 8.0888e+00
7.9272e-01 1.7696e+00 2.5242e+00 3.7254e+00 4.5560e+00 5.8469e+00 6.7404e+00 8.1365e+00
7.7454e-01 1.8057e+00 2.4853e+00 3.7664e+00 4.5140e+00 5.8909e+00 6.6950e+00 8.1842e+00
7.5785e-01 1.8420e+00 2.4465e+00 3.8074e+00 4.4719e+00 5.9350e+00 6.6498e+00 8.2321e+00
7.4275e-01 1.8785e+00 2.4078e+00 3.8485e+00 4.4300e+00 5.9792e+00 6.6046e+00 8.2800e+00
7.2938e-01 1.9153e+00 2.3691e+00 3.8897e+00 4.3881e+00 6.0234e+00 6.5594e+00 8.3281e+00
7.1785e-01 1.9523e+00 2.3306e+00 3.9309e+00 4.3462e+00 6.0677e+00 6.5144e+00 8.3762e+00
7.0826e-01 1.9894e+00 2.2922e+00 3.9722e+00 4.3044e+00 6.1120e+00 6.4694e+00 8.4244e+00
7.0070e-01 2.0268e+00 2.2539e+00 4.0135e+00 4.2627e+00 6.1565e+00 6.4245e+00 8.4726e+00
6.9525e-01 2.0643e+00 2.2157e+00 4.0549e+00 4.2210e+00 6.2009e+00 6.3796e+00 8.5210e+00
6.9195e-01 2.1019e+00 2.1777e+00 4.0963e+00 4.1794e+00 6.2455e+00 6.3349e+00 8.5694e+00
6.9085e-01 2.1388e+00 2.1407e+00 4.1360e+00 4.1396e+00 6.2892e+00 6.2911e+00 8.6175e+00
