1.5310e+00 2.5559e+00 3.0786e+00 4.5058e+00 4.5795e+00 6.5330e+00 6.5711e+00 8.8076e+00
1.5312e+00 2.5548e+00 3.0801e+00 4.4905e+00 4.5949e+00 6.5053e+00 6.5989e+00 8.7608e+00
1.5317e+00 2.5519e+00 3.0845e+00 4.4603e+00 4.6256e+00 6.4646e+00 6.6399e+00 8.7135e+00
1.5325e+00 2.5470e+00 3.0917e+00 4.4265e+00 4.6604e+00 6.4228e+00 6.6822e+00 8.6663e+00
1.5337e+00 2.5405e+00 3.1015e+00 4.3916e+00 4.6965e+00 6.3807e+00 6.7249e+00 8.6191e+00
1.5352e+00 2.5326e+00 3.1138e+00 4.3563e+00 4.7334e+00 6.3386e+00 6.7679e+00 8.5721e+00
1.5370e+00 2.5234e+00 3.1283e+00 4.3210e+00 4.7706e+00 6.2965e+00 6.8111e+00 8.5251e+00
1.5390e+00 2.5133e+00 3.1446e+00 4.2857e+00 4.8082e+00 6.2545e+00 6.8543e+00 8.4782e+00
1.5413e+00 2.5025e+00 3.1627e+00 4.2506e+00 4.8461e+00 6.2125e+00 6.8977e+00 8.4315e+00
1.5438e+00 2.4911e+00 3.1823e+00 4.2158e+00 4.8841e+00 6.1707e+00 6.9412e+00 8.3848e+00
1.5465e+00 2.4795e+00 3.2032e+00 4.1811e+00 4.9224e+00 6.1289e+00 6.9849e+00 8.3382e+00
1.5493e+00 2.4679e+00 3.2252e+00 4.1468e+00 4.9608e+00 6.0872e+00 7.0286e+00 8.2917e+00
1.5522e+00 2.4563e+00 3.2481e+00 4.1128e+00 4.9993e+00 6.0456e+00 7.0724e+00 8.2453e+00
1.5552e+00 2.4450e+00 3.2717e+00 4.0792e+00 5.0380e+00 6.0041e+00 7.1163e+00 8.1991e+00
1.5582e+00 2.4340e+00 3.2960e+00 4.0460e+00 5.0768e+00 5.9627e+00 7.1603e+00 8.1529e+00
1.5611e+00 2.4236e+00 3.3207e+00 4.0134e+00 5.1158e+00 5.9214e+00 7.2044e+00 8.1068e+00
1.5640e+00 2.4138e+00 3.3457e+00 3.9814e+00 5.1549e+00 5.8802e+00 7.2486e+00 8.0608e+00
1.5667e+00 2.4048e+00 3.3707e+00 3.9503e+00 5.1941e+00 5.8391e+00 7.2929e+00 8.0148e+00
1.5692e+00 2.3965e+00 3.3956e+00 3.9201e+00 5.2334e+00 5.7982e+00 7.3373e+00 7.9690e+00
1.5716e+00 2.3892e+00 3.4200e+00 3.8913e+00 5.2728e+00 5.7573e+00 7.3818e+00 7.9233e+00
1.5736e+00 2.3829e+00 3.4434e+00 3.8641e+00 5.3123e+00 5.7167e+00 7.4264e+00 7.8777e+00
1.5753e+00 2.3777e+00 3.4651e+00 3.8393e+00 5.3518e+00 5.6762e+00 7.4711e+00 7.8322e+00
1.5767e+00 2.3735e+00 3.4844e+00 3.8176e+00 5.3913e+00 5.6359e+00 7.5158e+00 7.7868e+00
1.5777e+00 2.3705e+00 3.4999e+00 3.8005e+00 5.4305e+00 5.5962e+00 7.5606e+00 7.7415e+00
1.5783e+00 2.3687e+00 3.5101e+00 3.7892e+00 5.4684e+00 5.5579e+00 7.6054e+00 7.6965e+00
1.5785e+00 2.3681e+00 3.5137e+00 3.7853e+00 5.4936e+00 5.5326e+00 7.6446e+00 7.6571e+00
1.5783e+00 2.3687e+00 3.5101e+00 3.7892e+00 5.4684e+00 5.5579e+00 7.6054e+00 7.6965e+00
1.5777e+00 2.3705e+00 3.4999e+00 3.8005e+00 5.4305e+00 5.5962e+00 7.5606e+00 7.7415e+00
1.5767e+00 2.3735e+00 3.4844e+00 3.8176e+00 5.3913e+00 5.6359e+00 7.5158e+00 7.7868e+00
1.5753e+00 2.3777e+00 3.4651e+00 3.8393e+00 5.3518e+00 5.6762e+00 7.4711e+00 7.8322e+00
1.5736e+00 2.3829e+00 3.4434e+00 3.8641e+00 5.3123e+00 5.7167e+00 7.4264e+00 7.8777e+00
1.5716e+00 2.3892e+00 3.4200e+00 3.8913e+00 5.2728e+00 5.7573e+00 7.3818e+00 7.9233e+00
1.5692e+00 2.3965e+00 3.3956e+00 3.9201e+00 5.2334e+00 5.7982e+00 7.3373e+00 7.9690e+00
1.5667e+00 2.4048e+00 3.3707e+00 3.9503e+00 5.1941e+00 5.8391e+00 7.2929e+00 8.0148e+00
1.5640e+00 2.4138e+00 3.3457e+00 3.9814e+00 5.1549e+00 5.8802e+00 7.2486e+00 8.0608e+00
1.5611e+00 2.4236e+00 3.3207e+00 4.0134e+00 5.1158e+00 5.9214e+00 7.2044e+00 8.1068e+00
1.5582e+00 2.4340e+00 3.2960e+00 4.0460e+00 5.0768e+00 5.9627e+00 7.1603e+00 8.1529e+00
1.5552e+00 2.4450e+00 3.2717e+00 4.0792e+00 5.0380e+00 6.0041e+00 7.1163e+00 8.1991e+00
1.5522e+00 2.4563e+00 3.2481e+00 4.1128e+00 4.9993e+00 6.0456e+00 7.0724e+00 8.2453e+00
1.5493e+00 2.4679e+00 3.2252e+00 4.1468e+00 4.9608e+00 6.0872e+00 7.0286e+00 8.2917e+00
1.5465e+00 2.4795e+00 3.2032e+00 4.1811e+00 4.9224e+00 6.1289e+00 6.9849e+00 8.3382e+00
1.5438e+00 2.4911e+00 3.1823e+00 4.2158e+00 4.8841e+00 6.1707e+00 6.9412e+00 8.3848e+00
1.5413e+00 2.5025e+00 3.1627e+00 4.2506e+00 4.8461e+00 6.2125e+00 6.8977e+00 8.4315e+00
1.5390e+00 2.5133e+00 3.1446e+00 4.2857e+00 4.8082e+00 6.2545e+00 6.8543e+00 8.4782e+00
1.5370e+00 2.5234e+00 3.1283e+00 4.3210e+00 4.7706e+00 6.2965e+00 6.8111e+00 8.5251e+00
1.5352e+00 2.5326e+00 3.1138e+00 4.3563e+00 4.7334e+00 6.3386e+00 6.7679e+00 8.5721e+00
1.5337e+00 2.5405e+00 3.1015e+00 4.3916e+00 4.6965e+00 6.3807e+00 6.7249e+00 8.6191e+00
1.5325e+00 2.5470e+00 3.0917e+00 4.4265e+00 4.6604e+00 6.4228e+00 6.6822e+00 8.6663e+00
1.5317e+00 2.5519e+00 3.0845e+00 4.4603e+00 4.6256e+00 6.4646e+00 6.6399e+00 8.7135e+00
1.5312e+00 2.5548e+00 3.0801e+00 4.4905e+00 4.5949e+00 6.5053e+00 6.5989e+00 8.7608e+00
1.5310e+00 2.5559e+00 3.0786e+00 4.5058e+00 4.5795e+00 6.5330e+00 6.5711e+00 8.8076e+00
1.5312e+00 2.5548e+00 3.0801e+00 4.4905e+00 4.5949e+00 6.5053e+00 6.5989e+00 8.7608e+00
1.5317e+00 2.5519e+00 3.0845e+00 4.4603e+00 4.6256e+00 6.4646e+00 6.6399e+00 8.7135e+00
1.5325e+00 2.5470e+00 3.0917e+00 4.4265e+00 4.6604e+00 6.4228e+00 6.6822e+00 8.6663e+00
1.5337e+00 2.5405e+00 3.1015e+00 4.3916e+00 4.6965e+00 6.3807e+00 6.7249e+00 8.6191e+00
1.5352e+00 2.5326e+00 3.1138e+00 4.3563e+00 4.7334e+00 6.3386e+00 6.7679e+00 8.5721e+00
1.5370e+00 2.5234e+00 3.1283e+00 4.3210e+00 4.7706e+00 6.2965e+00 6.8111e+00 8.5251e+00
1.5390e+00 2.5133e+00 3.1446e+00 4.2857e+00 4.8082e+00 6.2545e+00 6.8543e+00 8.4782e+00
1.5413e+00 2.5025e+00 3.1627e+00 4.2506e+00 4.8461e+00 6.2125e+00 6.8977e+00 8.4315e+00
1.5438e+00 2.4911e+00 3.1823e+00 4.2158e+00 4.8841e+00 6.1707e+00 6.9412e+00 8.3848e+00
1.5465e+00 2.4795e+00 3.2032e+00 4.1811e+00 4.9224e+00 6.1289e+00 6.9849e+00 8.3382e+00
1.5493e+00 2.4679e+00 3.2252e+00 4.1468e+00 4.9608e+00 6.0872e+00 7.0286e+00 8.2917e+00
1.5522e+00 2.4563e+00 3.2481e+00 4.1128e+00 4.9993e+00 6.0456e+00 7.0724e+00 8.2453e+00
1.5552e+00 2.4450e+00 3.2717e+00 4.0792e+00 5.0380e+00 6.0041e+00 7.1163e+00 8.1991e+00
1.5582e+00 2.4340e+00 3.2960e+00 4.0460e+00 5.0768e+00 5.9627e+00 7.1603e+00 8.1529e+00
1.5611e+00 2.4236e+00 3.3207e+00 4.0134e+00 5.1158e+00 5.9214e+00 7.2044e+00 8.1068e+00
1.5640e+00 2.4138e+00 3.3457e+00 3.9814e+00 5.1549e+00 5.8802e+00 7.2486e+00 8.0608e+00
1.5667e+00 2.4048e+00 3.3707e+00 3.9503e+00 5.1941e+00 5.8391e+00 7.2929e+00 8.0148e+00
1.5692e+00 2.3965e+00 3.3956e+00 3.9201e+00 5.2334e+00 5.7982e+00 7.3373e+00 7.9690e+00
1.5716e+00 2.3892e+00 3.4200e+00 3.8913e+00 5.2728e+00 5.7573e+00 7.3818e+00 7.9233e+00
1.5736e+00 2.3829e+00 3.4434e+00 3.8641e+00 5.3123e+00 5.7167e+00 7.4264e+00 7.8777e+00
1.5753e+00 2.3777e+00 3.4651e+00 3.8393e+00 5.3518e+00 5.6762e+00 7.4711e+00 7.8322e+00
1.5767e+00 2.3735e+00 3.4844e+00 3.8176e+00 5.3913e+00 5.6359e+00 7.5158e+00 7.7868e+00
1.5777e+00 2.3705e+00 3.4999e+00 3.8005e+00 5.4305e+00 5.5962e+00 7.5606e+00 7.7415e+00
1.5783e+00 2.3687e+00 3.5101e+00 3.7892e+00 5.4684e+00 5.5579e+00 7.6054e+00 7.6965e+00
1.5785e+00 2.3681e+00 3.5137e+00 3.7853e+00 5.4936e+00 5.5326e+00 7.6446e+00 7.6571e+00
1.5783e+00 2.3687e+00 3.5101e+00 3.7892e+00 5.4684e+00 5.5579e+00 7.6054e+00 7.6965e+00
1.5777e+00 2.3705e+00 3.4999e+00 3.8005e+00 5.4305e+00 5.5962e+00 7.5606e+00 7.7415e+00
1.5767e+00 2.3735e+00 3.4844e+00 3.8176e+00 5.3913e+00 5.6359e+00 7.5158e+00 7.7868e+00
1.5753e+00 2.3777e+00 3.4651e+00 3.8393e+00 5.3518e+00 5.6762e+00 7.4711e+00 7.8322e+00
1.5736e+00 2.3829e+00 3.4434e+00 3.8641e+00 5.3123e+00 5.7167e+00 7.4264e+00 7.8777e+00
1.5716e+00 2.3892e+00 3.4200e+00 3.8913e+00 5.2728e+00 5.7573e+00 7.3818e+00 7.9233e+00
1.5692e+00 2.3965e+00 3.3956e+00 3.9201e+00 5.2334e+00 5.7982e+00 7.3373e+00 7.9690e+00
1.5667e+00 2.4048e+00 3.3707e+00 3.9503e+00 5.1941e+00 5.8391e+00 7.2929e+00 8.0148e+00
1.5640e+00 2.4138e+00 3.3457e+00 3.9814e+00 5.1549e+00 5.8802e+00 7.2486e+00 8.0608e+00
1.5611e+00 2.4236e+00 3.3207e+00 4.0134e+00 5.1158e+00 5.9214e+00 7.2044e+00 8.1068e+00
1.5582e+00 2.4340e+00 3.2960e+00 4.0460e+00 5.0768e+00 5.9627e+00 7.1603e+00 8.1529e+00
1.5552e+00 2.4450e+00 3.2717e+00 4.0792e+00 5.0380e+00 6.0041e+00 7.1163e+00 8.1991e+00
1.5522e+00 2.4563e+00 3.2481e+00 4.1128e+00 4.9993e+00 6.0456e+00 7.0724e+00 8.2453e+00
1.5493e+00 2.4679e+00 3.2252e+00 4.1468e+00 4.9608e+00 6.0872e+00 7.0286e+00 8.2917e+00
1.5465e+00 2.4795e+00 3.2032e+00 4.1811e+00 4.9224e+00 6.1289e+00 6.9849e+00 8.3382e+00
1.5438e+00 2.4911e+00 3.1823e+00 4.2158e+00 4.8841e+00 6.1707e+00 6.9412e+00 8.3848e+00
1.5413e+00 2.5025e+00 3.1627e+00 4.2506e+00 4.8461e+00 6.2125e+00 6.8977e+00 8.4315e+00
1.5390e+00 2.5133e+00 3.1446e+00 4.2857e+00 4.8082e+00 6.2545e+00 6.8543e+00 8.4782e+00
1.5370e+00 2.5234e+00 3.1283e+00 4.3210e+00 4.7706e+00 6.2965e+00 6.8111e+00 8.5251e+00
1.5352e+00 2.5326e+00 3.1138e+00 4.3563e+00 4.7334e+00 6.3386e+00 6.7679e+00 8.5721e+00
1.5337e+00 2.5405e+00 3.1015e+00 4.3916e+00 4.6965e+00 6.3807e+00 6.7249e+00 8.6191e+00
1.5325e+00 2.5470e+00 3.0917e+00 4.4265e+00 4.6604e+00 6.4228e+00 6.6822e+00 8.6663e+00
1.5317e+00 2.5519e+00 3.0845e+00 4.4603e+00 4.6256e+00 6.4646e+00 6.6399e+00 8.7135e+00
1.5312e+00 2.5548e+00 3.0801e+00 4.4905e+00 4.5949e+00 6.5053e+00 6.5989e+00 8.7608e+00
1.5310e+00 2.5559e+00 3.0786e+00 4.5058e+00 4.5795e+00 6.5330e+00 6.5711e+00 8.8076e+00
